1621347122
-736930409
614566926
257317701
1068611895
1924358402
1932255242
-1381269234
-431731404
-846928300
-530421604
-1908815910
-1401975379
-1465129526
97290173
-597612483
250205098
-1674534870
-1405713690
-1765972691
952494469
862007044
767324170
664807400
313508614
25025849
744652231
-1665763820
-1112268116
-2001468479
-907212073
-905124313
1196212301
-1234997592
-2116140852
-1443351032
-1913666335
484871769
44443132
731785206
-2114277479
668334366
-227714375
-1489712727
1270741046
1078198502
-307104315
130845110
368050841
720724297
1970353156
-1193558217
-786221163
392710601
386920307
-1073182806
-767273204
-1681176485
887034200
2081955609
-1595713735
-1139156955
1245213627
112793211
593126729
-1582524281
-721164780
-1840247718
-334767311
-1595445153
-1355069115
-1790653515
623460027
-460316279
1090516682
-1815612121
889363936
-1510207324
-1371347154
-1377331640
83811421
1458324763
-853259328
877351762
-28129664
-371530397
323391366
-1068038393
-1969881790
1475195777
-1147407502
519896274
-1062072422
1156926927
-1695204909
-1502140116
26825999
-635881474
-1827990258
-793705407
