-2144742394
-2142639954
-2136623040
-2134277785
-2133919333
-2130619332
-2125753485
-2123683742
-2117289254
-2116205723
-2112521905
-2104853971
-2102825327
-2099080737
-2095281142
-2093774531
-2093613899
-2070872844
-2070702496
-2064630757
-2063330098
-2062792069
-2061999091
-2058090726
-2050636875
-2047288294
-2033559425
-2031403380
-2028671073
-2028641662
-2028486138
-2027112201
-2022816996
-2016210729
-2015474946
-2011647444
-2007765964
-2005203793
-2004485551
-2002561109
-1985619735
-1984163268
-1979364825
-1977268894
-1972960074
-1966787402
-1965232693
-1959107391
-1958261748
-1951777606
-1945299331
-1945117033
-1944977345
-1942895253
-1940244793
-1936240152
-1934716288
-1933730306
-1920835385
-1911346328
-1910918044
-1908361174
-1897205103
-1892537544
-1886359417
-1884967607
-1884322844
-1884113375
-1883088897
-1879103994
-1868131103
-1857814009
-1850888476
-1850008003
-1849382596
-1846376017
-1840869931
-1834754097
-1834026301
-1827503213
-1824881060
-1822614741
-1794134917
-1791479919
-1787195313
-1781223261
-1781168247
-1775662457
-1772411327
-1760069974
-1755425906
-1746220657
-1733505552
-1731637894
-1724470148
-1723009563
-1721116035
-1721004954
-1716447281
-1700723229
-1699605184
-1697994780
-1694134796
-1684299210
-1682021735
-1680807432
-1680360725
-1674080916
-1670788954
-1663904186
-1652812533
-1651854582
-1640759378
-1640103374
-1634805897
-1634625861
-1633722676
-1628290726
-1614153421
-1612998449
-1599174054
-1592866035
-1592237219
-1590551373
-1588888068
-1587628309
-1586923540
-1585723913
-1583670560
-1576511748
-1574667435
-1570128438
-1563423706
-1558899184
-1553353091
-1548704476
-1544200953
-1540700711
-1536639800
-1535786555
-1522619865
-1518702750
-1515425090
-1506605953
-1503650274
-1501536413
-1500060400
-1494367517
-1490590213
-1490540816
-1486139301
-1480138094
-1474492041
-1474282022
-1469366652
-1464915007
-1456095944
-1454200789
-1447031763
-1436636557
-1433891850
-1426177964
-1417777570
-1414797433
-1412153641
-1409474143
-1408485447
-1399759692
-1397853293
-1395833424
-1394884568
-1391264813
-1377947990
-1377843720
-1374347144
-1367859827
-1364487749
-1363879978
-1361933013
-1352041406
-1351240889
-1345051799
-1327726055
-1326884946
-1316512806
-1315982417
-1308932189
-1291474140
-1290198256
-1285292078
-1282981078
-1281419554
-1279902938
-1277507301
-1276785707
-1275280090
-1272546457
-1268884164
-1263785325
-1256585079
-1250706417
-1231329241
-1226681646
-1225980698
-1225568507
-1221932581
-1217626984
-1217487829
-1216028617
-1214693469
-1208084997
-1204431088
-1199634701
-1195807364
-1195032875
-1194770971
-1193842866
-1193256916
-1184954662
-1176480040
-1173451605
-1169500031
-1167436856
-1166806778
-1162939090
-1158840437
-1155533559
-1153885014
-1149368751
-1137982407
-1135447456
-1134302891
-1130456880
-1112467610
-1101197548
-1092926396
-1083139049
-1083027696
-1079303355
-1074269829
-1068206300
-1068184953
-1067941984
-1061617506
-1052135746
-1051496500
-1049914235
-1048210223
-1048093875
-1046054100
-1045570409
-1044542507
-1040336836
-1032943024
-1024323256
-1018527167
-1017976115
-1017918735
-1005929026
-999495429
-993969583
-989470322
-972855987
-965699755
-961445904
-958290469
-957760185
-950418310
-942076099
-941644016
-940514082
-939577228
-933764131
-932435862
-928828317
-926061390
-923867662
-917663293
-916613256
-912654369
-907539492
-903945565
-900890733
-892825116
-886271590
-879721866
-879439021
-875736243
-869016714
-868113957
-866628506
-862485077
-856780266
-856446729
-852075115
-848137117
-841082733
-840175363
-833400551
-831027433
-829194314
-817268125
-813520483
-812502632
-808864991
-808402382
-806126879
-798470080
-792703487
-787428033
-780907487
-779600980
-771337620
-769633100
-759365712
-749328077
-742455621
-741866245
-717028838
-716043446
-712825834
-711674460
-707213933
-706418700
-704847762
-702419020
-690608241
-688408795
-685727032
-676461955
-674245119
-663433194
-661989799
-657890471
-656440501
-653361046
-643338339
-642421543
-642264071
-641031840
-638701042
-632063809
-620322568
-613605389
-612712758
-612488728
-609865254
-609307680
-606907765
-602833240
-598414382
-590803631
-573230035
-569421597
-569268077
-566363987
-559829880
-543807754
-541337123
-532788079
-532251482
-532100226
-531788781
-531687461
-518584720
-517164369
-508547128
-505369349
-499924155
-499691326
-497698928
-496290651
-494260881
-490937334
-490036050
-475463638
-470849002
-457943197
-453536950
-452566843
-449907672
-449782078
-444275066
-442449380
-441360604
-435228666
-427983910
-423850579
-404216077
-403806298
-401571360
-400047939
-390856710
-389574696
-387822541
-367491237
-364561539
-363639956
-361855590
-358516280
-355129948
-342316952
-336677122
-332005127
-331557622
-318008408
-315383726
-310836562
-307981424
-299943056
-299771508
-295633272
-293256681
-291855694
-290630055
-278861154
-273674384
-270342251
-265922363
-263163706
-254548590
-251243506
-249891633
-248555744
-238422774
-234736969
-230573463
-229087771
-221682530
-220743079
-212096496
-209400630
-205461203
-203169811
-202353998
-202105217
-201047491
-199148992
-197101721
-194772080
-191508781
-172856593
-170943684
-164401218
-162860653
-162466943
-161570178
-161178709
-159512398
-156588406
-156219745
-151567300
-149131377
-132415652
-128118620
-120675768
-119633856
-116472676
-108442662
-107618121
-105049122
-100015092
-90274772
-89928726
-77494714
-61198576
-60771599
-60446896
-60188417
-56118428
-40089491
-35215936
-32208500
-26756666
-24498190
-17477140
-10205870
385456
10081403
20641017
21937372
22127392
31693259
35627782
40595703
41759781
47591418
55099785
55747208
67130655
68570392
71193721
72598001
73052514
85582410
87379818
88644967
92954918
96055971
102584478
107142919
109568904
110377961
110733466
111238411
116354620
122248760
125927717
126016542
129657245
135342992
138623095
151342374
151995604
154011024
162482199
167011212
169855568
178841781
181679331
183195095
185853907
192469837
194988632
196251882
200561739
204672152
207724227
213547165
214292932
214383370
225102337
236228972
242906045
243632345
252530518
255770818
266347526
268477657
270838585
271342214
285690572
285876180
291455481
297120121
304294330
306451905
313908318
320497978
332424521
335948930
336249327
345424777
345481738
345593530
348122123
351063163
356199286
359413624
360042788
363771287
366175624
366541461
367695554
369907726
370762924
378966638
390731644
394005425
397776351
400146828
402876922
403446011
408558542
409221150
412030426
414990612
417364674
417430361
419787831
422511353
431081007
435002006
437629082
443936985
444684303
445527621
460898692
464366439
465490791
465737114
466976993
472184413
474590644
475058323
477869247
478619662
479914996
482538236
483910015
485199443
491256776
498878380
507444716
514832328
515125263
516624209
519717526
528063483
538396059
542707264
543231940
548155939
548294598
549400085
550776288
555009156
556855912
569380724
582629073
591985369
596022409
597399403
600056100
600080256
602113351
603398418
604273839
605027402
609843840
614384989
624422678
627295704
638555825
639441874
650433511
661990254
665138275
666729864
671129372
678118451
680107900
687168512
688592897
695037133
700252166
710526812
715782423
715842066
726650730
729400390
734375899
741691484
744236920
750987763
762307313
772270609
772557461
774889705
779043095
781070148
786435467
791721013
795140287
797859755
801050023
804572406
806660244
816546548
818953051
824812957
825084813
835388526
836663445
838610373
839471623
839958077
854780391
859963072
861712765
865413928
874310579
880747439
880779159
883514161
884432154
886557088
894143855
902438822
908709218
910904481
912917668
919285819
921231587
922614065
925278709
930097171
933011723
938815666
940186501
944595866
945853137
950909098
953997799
963220678
968223866
969373859
983321142
987130932
987420608
989676100
992889933
996717289
999166015
1001029794
1004345124
1005912137
1006210010
1007053614
1008729085
1011194345
1019913768
1020945752
1021449338
1022700955
1027845505
1032039271
1036613858
1038191860
1038773021
1045561393
1046517333
1046826753
1050334832
1052224667
1056588931
1058644603
1059343159
1060853763
1061205654
1061215820
1061468589
1061661140
1062050250
1062268001
1062712745
1063116577
1074135667
1077534162
1078401196
1089724327
1091071414
1095679070
1102473944
1111047720
1114549124
1116073945
1116401000
1119302903
1120852133
1125176858
1126109463
1127192891
1127390587
1127610093
1134860103
1138884393
1152776668
1154014664
1156264321
1167803207
1168271737
1177474660
1184412284
1185488711
1188251190
1189842194
1194387336
1196975814
1199428951
1200202559
1204573454
1204913459
1210139166
1210893888
1214106580
1217834825
1220844456
1231278260
1231350615
1232047739
1233412801
1234085177
1239548824
1240436392
1240721753
1249522881
1250648116
1267138196
1279145240
1280389408
1293786594
1296504136
1297120135
1298326061
1321148111
1323565550
1330227048
1336368494
1336406398
1339129325
1343838596
1344589886
1347274876
1360596737
1360892776
1362326042
1373641439
1379335650
1379751116
1381374540
1385976358
1387146865
1401131588
1409627096
1409897608
1411147164
1415394866
1419609161
1428207474
1430316946
1434528825
1439969326
1459785480
1459925510
1468932889
1470558471
1470847675
1476881698
1487660685
1504306010
1513320931
1513562896
1516089590
1519626384
1523569691
1526235065
1535518803
1540601904
1541455823
1550557613
1559535501
1559919802
1564659951
1564819440
1568028083
1575396932
1576102014
1584599282
1589677251
1591217001
1593289213
1594479132
1609776336
1610974669
1611659615
1611745981
1625954709
1645483521
1646797340
1652025119
1663004736
1663876531
1666367773
1673219811
1675834544
1678319111
1680260736
1688007439
1692971370
1695354315
1698142788
1701195265
1701218200
1701911265
1711540090
1713831617
1716871457
1722501239
1722604268
1725743750
1730999494
1736222540
1746662705
1753905346
1765711839
1768192131
1775966330
1780461812
1780900210
1787416214
1790603457
1790764767
1795106526
1808943123
1809259294
1812554855
1812966422
1813202417
1815497294
1815895708
1825858205
1828962106
1829362419
1830766002
1834368606
1836668903
1838064821
1844797094
1849892767
1850348644
1868802969
1869508082
1872285259
1872578879
1883975319
1885542208
1886112301
1887105909
1892267523
1894570037
1896146906
1897361140
1898578326
1910843559
1914241427
1916905454
1924362702
1930946501
1936515165
1936560517
1938412320
1940225814
1942044381
1942487563
1948351298
1956881978
1965651788
1968992872
1984970687
1988069075
1993287751
1993561422
1996786857
2003431261
2005677992
2005907413
2006863304
2016981420
2017929371
2022350557
2023500594
2026173042
2030365594
2031633664
2033934424
2036540294
2039385596
2043633073
2045796679
2049793567
2051457562
2056580250
2062656502
2062713466
2063249048
2064677020
2067644596
2069863449
2072649160
2073196183
2073974946
2083201948
2088135823
2093703222
2094289110
2094643838
2096388610
2104230264
2105091098
2107743232
2109016638
2116981056
2132731949
2134375043
2139562265
2140206830
2143330862
2145958811
2147401681
